======================================================================
OT-37: Tesseract-Projektion auf S³ — Hausdorff-Dimensionstest (V19.0)
======================================================================

Zielwert:             D_f,geo = 0.77  (HTM Framework)
HTM-Torsionswinkel:   Delta-theta = 58.7 deg
Methode:              IFS Chaos-Game + S³-Projektion + Box-Counting

----------------------------------------------------------------------
PARAMETER-SCAN ERGEBNISSE
----------------------------------------------------------------------
      r   theta  N_sub     D_H      R²    Delta
  ------------------------------------------------
   0.30    50.0      4   1.177  0.9827   +0.407
   0.30    50.0      8   1.602  0.9902   +0.832
   0.30    50.0     16   1.800  0.9950   +1.030
   0.30    55.0      4   1.163  0.9706   +0.393
   0.30    55.0      8   1.591  0.9905   +0.821
   0.30    55.0     16   1.795  0.9947   +1.025
   0.30    60.0      4   1.142  0.9691   +0.372
   0.30    60.0      8   1.574  0.9897   +0.804
   0.30    60.0     16   1.799  0.9943   +1.029
   0.30    65.0      4   1.123  0.9633   +0.353
   0.30    65.0      8   1.563  0.9909   +0.793
   0.30    65.0     16   1.796  0.9942   +1.026
   0.30    70.0      4   1.108  0.9743   +0.338
   0.30    70.0      8   1.566  0.9903   +0.796
   0.30    70.0     16   1.785  0.9936   +1.015
   0.40    50.0      4   1.499  0.9988   +0.729
   0.40    50.0      8   1.884  0.9975   +1.114
   0.40    50.0     16   1.885  0.9761   +1.115
   0.40    55.0      4   1.490  0.9979   +0.720
   0.40    55.0      8   1.873  0.9971   +1.103
   0.40    55.0     16   1.884  0.9759   +1.114
   0.40    60.0      4   1.454  0.9985   +0.684
   0.40    60.0      8   1.868  0.9967   +1.098
   0.40    60.0     16   1.883  0.9753   +1.113
   0.40    65.0      4   1.433  0.9975   +0.663
   0.40    65.0      8   1.869  0.9961   +1.099
   0.40    65.0     16   1.879  0.9750   +1.109
   0.40    70.0      4   1.401  0.9971   +0.631
   0.40    70.0      8   1.860  0.9955   +1.090
   0.40    70.0     16   1.881  0.9755   +1.111
   0.50    50.0      4   1.810  0.9953   +1.040
   0.50    50.0      8   1.979  0.9792   +1.209
   0.50    50.0     16   1.951  0.9444   +1.181
   0.50    55.0      4   1.798  0.9953   +1.028
   0.50    55.0      8   1.986  0.9799   +1.216
   0.50    55.0     16   1.955  0.9435   +1.185
   0.50    60.0      4   1.781  0.9952   +1.011
   0.50    60.0      8   1.989  0.9801   +1.219
   0.50    60.0     16   1.954  0.9427   +1.184
   0.50    65.0      4   1.762  0.9950   +0.992
   0.50    65.0      8   1.981  0.9796   +1.211
   0.50    65.0     16   1.958  0.9420   +1.188
   0.50    70.0      4   1.759  0.9950   +0.989
   0.50    70.0      8   1.989  0.9793   +1.219
   0.50    70.0     16   1.960  0.9416   +1.190
   0.60    50.0      4   1.901  0.9870   +1.131
   0.60    50.0      8   1.951  0.9593   +1.181
   0.60    50.0     16   1.974  0.9381   +1.204
   0.60    55.0      4   1.902  0.9872   +1.132
   0.60    55.0      8   1.945  0.9590   +1.175
   0.60    55.0     16   1.976  0.9382   +1.206
   0.60    60.0      4   1.905  0.9879   +1.135
   0.60    60.0      8   1.951  0.9580   +1.181
   0.60    60.0     16   1.977  0.9378   +1.207
   0.60    65.0      4   1.920  0.9877   +1.150
   0.60    65.0      8   1.955  0.9572   +1.185
   0.60    65.0     16   1.976  0.9378   +1.206
   0.60    70.0      4   1.918  0.9882   +1.148
   0.60    70.0      8   1.953  0.9567   +1.183
   0.60    70.0     16   1.975  0.9378   +1.205
   0.70    50.0      4   1.923  0.9569   +1.153
   0.70    50.0      8   1.958  0.9462   +1.188
   0.70    50.0     16   1.982  0.9370   +1.212
   0.70    55.0      4   1.930  0.9571   +1.160
   0.70    55.0      8   1.960  0.9458   +1.190
   0.70    55.0     16   1.979  0.9368   +1.209
   0.70    60.0      4   1.934  0.9574   +1.164
   0.70    60.0      8   1.964  0.9450   +1.194
   0.70    60.0     16   1.981  0.9368   +1.211
   0.70    65.0      4   1.941  0.9574   +1.171
   0.70    65.0      8   1.963  0.9446   +1.193
   0.70    65.0     16   1.980  0.9369   +1.210
   0.70    70.0      4   1.944  0.9572   +1.174
   0.70    70.0      8   1.964  0.9441   +1.194
   0.70    70.0     16   1.981  0.9371   +1.211

----------------------------------------------------------------------
HTM-KONSISTENZ-ANALYSE
----------------------------------------------------------------------

  Gesamt-Treffer |D_H - 0.77| <= 0.05: 0 / 75
  davon bei Delta-theta = 58.7 +/- 5 deg: 0


----------------------------------------------------------------------
VERDICT
----------------------------------------------------------------------

  OT-37: FALSIFIZIERT
  Kein (r, Delta-theta, N_sub) liefert D_H ≈ 0.77 bei Delta-theta ≈ 58.7 deg

  Interpretation:
  Bei Delta-theta = 58.7 deg wird D_H ≈ 0.77 nicht reproduziert.
  Die Verbindung D_f,geo = 0.77 <-> Tesseract-Projektion ist
  mit diesen IFS-Parametern nicht haltbar.
  Pfad C (Planck-Dichte) und Pfad B (tau=10^-32 s) bleiben davon unberührt.

  Beste Visualisierung: r=0.3, theta=70.0, N_sub=4
  -> results/OT_37_projection.png
  -> results/OT_37_boxcount.png

======================================================================